#/Users/federicafilippini/Documents/VirtualEnvironments/python3.11.11_gldfaas/lib/python3.11/site-packages/ipykernel_launcher.py --f=/Users/federicafilippini/Library/Jupyter/runtime/kernel-v3fbddf04a0f77961cd877c33f5b430f938a750e24.json
# GMT Thu Mar 13 12:38:24 2025
# 
0 41 37 48 29 42 45 39 22 30 12 17 26 9 44 49
1 17 12 14 41 20 22 7 29 26 45 44 49 9 48 42
2 6 15 40 25 8 19 24 31 5 18 13 4 38 33 47
3 20 9 28 43 41 29 44 37 23 16 10 34 32 27 48
4 19 40 24 21 33 15 13 5 6 35 18 25 36 11
5 25 18 6 33 24 19 15 21 47 46 40 13 38
6 15 33 40 8 24 13 18 31 19 21 38 25
7 20 41 17 48 26 31 39 8 22 44 14 12 30 13
8 17 46 14 30 21 47 31 45 13 38 49 39
9 23 28 37 42 11 34 41 48 36 35 32 16 10
10 35 28 23 37 44 32 16 29 11 27 34 36 43
11 28 16 25 36 43 35 27 34 19 23 40 32
12 39 41 17 26 48 20 14 49 44 22 30 45
13 15 24 33 49 46 17 31 40 14 30 47
14 26 31 22 20 48 42 44 45 41 49
15 18 24 33 46 47 19 25 21 40 38
16 42 23 34 37 35 27 29 32 43 36 28
17 38 26 44 47 45 31 49 30 39
18 23 33 36 25 28 19 35 32 21 24
19 28 33 25 22 46 45 39 24 43 40 47
20 29 48 45 37 39 26 22 30 41 44
21 40 46 25 33 24 42 22 31 47
22 28 49 39 45 30 44 38
23 36 29 27 37 35 32 34 43 28
24 25 36 40 46 33 35
25 40 43 32 27 33
26 48 39 41 49 30 45 29 44
27 37 36 42 28 34 43 29 32 35
28 29 42 35 43 34
29 32 34 42 41 48 36 37 38
30 31 48 49 47 38 41
31 49 39 47 38 45 46
32 34 35 37 43 36
33 46 40 47 38
34 37 44 35 43 36
35 42 36 43
36 43 40
37 48 43 41 44
38 42 46 39 49
39 49 44 42 41
40 46 47
41 44 48
42 46 43 44
43
44 48 45
45 46 47 48
46 47 49
47 49
48
49
