#/Users/federicafilippini/Documents/VirtualEnvironments/python3.11.11_gldfaas/lib/python3.11/site-packages/ipykernel_launcher.py --f=/Users/federicafilippini/Library/Jupyter/runtime/kernel-v3fbddf04a0f77961cd877c33f5b430f938a750e24.json
# GMT Thu Mar 13 12:38:16 2025
# 
0 34 32 14 9 33 39 17 35 7 48 30 38 31 8 49 29 1
1 37 39 13 9 29 15 34 24 31 41 45 4 25 26
2 40 36 19 6 27 22 12 41 5 44 46 42 45 47 20
3 21 28 43 48 5 14 10 32 16 49 35 36 33 44 8
4 25 13 39 26 17 37 34 15 48 9 33 29 11 18
5 40 28 10 16 33 35 19 49 12 48 21 14 27
6 40 41 45 36 27 19 47 12 46 22 8 44 20 42
7 21 32 16 38 31 17 33 23 11 25 24 43 39 30
8 22 10 20 19 42 12 46 41 48 24 47 27
9 34 23 18 24 39 13 26 37 30 25 15 29
10 21 16 33 36 43 14 48 44 38 28 32 35
11 18 39 17 16 49 21 38 43 32 31 29 30 24
12 27 19 42 40 46 20 28 36 22 47 44
13 37 24 25 30 34 41 45 26 23 31 15 29
14 36 43 28 32 21 38 48 35 44 16 33
15 31 24 25 30 45 37 29 26 41 23 34
16 43 32 28 21 35 38 17 36 48
17 38 31 29 49 32 18 30 39 33 21
18 49 43 34 33 38 25 39 48 23 29 30
19 44 46 45 40 22 20 23 36 42 27
20 36 44 42 41 47 40 46 27 45 22
21 48 32 35 38 33 43 36
22 27 36 41 47 45 42 46 44 40
23 34 26 49 29 37 31 46 24 47
24 37 34 25 47 30 39 26 31 41
25 39 34 31 37 26 30 29
26 34 29 46 37 31 45 41
27 44 46 40 45 36 47 42
28 40 33 48 46 36 32 43 44 35
29 30 37 39
30 37 34 49 39
31 33 34 39 37
32 38 43 33 48 35
33 38 35
34 37 39
35 43 49 36 44 38
36 42 40 49
37 41 45
38 48 43 49
39 49
40 46 47 44 42 45
41 46 44 47 42
42 47 45 46 44
43 49 48 44
44 47 49 45
45 47
46 47
47
48 49
49
