#/Users/federicafilippini/Documents/VirtualEnvironments/python3.11.11_gldfaas/lib/python3.11/site-packages/ipykernel_launcher.py --f=/Users/federicafilippini/Library/Jupyter/runtime/kernel-v3fbddf04a0f77961cd877c33f5b430f938a750e24.json
# GMT Thu Mar 13 12:38:20 2025
# 
0 33 41 38 13 8 35 42 7 34 31 48 11 39 25 20
1 23 33 43 29 3 19 27 12 20 15 46 40 4 34 39
2 10 6 22 45 36 44 4 21 17 5 18 37 30 9 24 47
3 23 27 43 15 40 33 46 29 19 34 20 39 4 12
4 23 46 19 43 40 44 6 39 16 12 49 11
5 36 18 9 22 28 45 44 16 21 47 17 37 30 31
6 10 44 18 17 47 36 32 26 16 28 37 49 30
7 25 41 13 29 38 42 15 35 48 8 14 20 34 33
8 25 35 13 42 16 20 24 41 38 9 31 14 33
9 45 31 21 41 28 16 36 24 22 47 11 14
10 40 27 30 32 37 26 39 16 11 44 46 36 17
11 14 13 45 38 47 44 28 20 21 33 22
12 43 32 19 40 34 27 20 29 23 33 15 39
13 42 16 25 41 48 31 35 34 33 38 24
14 42 38 31 33 48 24 20 41 35 25 34
15 43 27 46 39 23 29 20 40 19 35 34
16 36 45 44 28 22 24 47 49 29 48 41
17 44 32 37 21 47 28 26 36 18 30 45
18 22 45 21 47 44 32 36 28 26 30 37
19 34 43 23 39 29 46 49 26 32 27
20 48 35 38 49 29 41 25
21 24 47 36 22 37 30 45 28 31
22 41 45 30 24 36 28 47 31
23 34 26 39 29 43 40 46 27 32
24 38 45 25 35 48 42 31
25 42 35 38 41 31 48 34 33
26 49 37 30 46 43 27 36 40 32
27 44 49 46 33 29 43 40
28 30 47 37 45 44 36
29 46 43 49 40 33
30 36 37 44 32 45
31 49 45 42 41 47 38
32 37 44 46 43 40 49
33 42 35 49 38 48
34 48 35 43 42
35 38 48 39 42
36 37 47
37 45 47 44
38 41 48 42
39 43 48 42 46 40
40 49 46 43
41 49 48 42
42 48
43 46
44 49
45 47
46 49
47
48
49
