#/Users/federicafilippini/Documents/VirtualEnvironments/python3.11.11_gldfaas/lib/python3.11/site-packages/ipykernel_launcher.py --f=/Users/federicafilippini/Library/Jupyter/runtime/kernel-v3fbddf04a0f77961cd877c33f5b430f938a750e24.json
# GMT Thu Mar 13 12:38:21 2025
# 
0 4 31 47 18 1 3 22 2 37 35 20 6 15 24 7 46 44 30 14
1 20 6 30 4 35 15 31 24 47 21 2 49 45 22
2 15 4 21 49 14 11 30 20 17 24 26 7 39
3 8 44 11 49 17 9 32 42 14 39 5 28 24 40
4 6 35 15 41 20 24 47 31 18 22 30 21
5 16 34 37 29 42 40 41 45 25 13 12 19 24 44
6 45 31 47 30 15 22 41 13 18 21 35 33
7 20 21 15 49 32 44 26 14 11 22 39 28 8
8 39 11 37 46 44 26 17 28 42 32 49 9 14
9 28 26 19 27 40 32 34 46 17 42 29 37 44
10 16 12 29 33 23 13 27 43 34 19 48 25 41 36 38
11 20 15 24 42 14 17 32 30 46 28 39
12 27 19 34 13 25 23 43 40 48 29 36 16 38
13 35 16 25 27 18 36 31 43 23 29 47
14 37 15 21 39 17 44 20 32 26
15 26 20 49 31 17 21 39
16 25 43 40 36 38 23 29 34 27 19 48
17 42 24 20 49 39 37 32 28
18 24 30 22 33 47 31 43 35 45 41 21
19 48 38 40 34 36 46 33 25 29 43
20 30 39 21 26 24 49
21 35 26 31 47 39 22
22 35 47 46 43 31 41 30 39
23 35 48 41 33 29 36 34 25 45 38 27
24 44 39 49 30 37
25 27 48 45 41 38 43 33 34
26 44 42 37 32 39 28 46
27 48 34 45 38 36 40 33 29
28 37 42 40 49 44 32 46 39
29 34 36 40 33 38 48
30 35 31 47 45 41
31 33 45 41 35 47
32 39 37 46 49 42 44
33 35 38 43 36 48 47
34 43 38 48 40 36
35 47 45 41
36 48 41 45 43 38
37 39 42 46 49 40
38 41 45 43 48
39 42
40 46 42 43 44
41 47 48
42 49 44 46
43 48 47
44 46 49
45 48 47 46
46 49
47
48
49
