#/Users/federicafilippini/Documents/VirtualEnvironments/python3.11.11_gldfaas/lib/python3.11/site-packages/ipykernel_launcher.py --f=/Users/federicafilippini/Library/Jupyter/runtime/kernel-v3fbddf04a0f77961cd877c33f5b430f938a750e24.json
# GMT Thu Mar 13 12:38:17 2025
# 
0 27 31 40 5 46 48 10 43 19 7 13 39 21 24 45
1 25 32 14 41 28 37 17 11 30 44 12 6 3 42 23
2 16 8 31 9 15 35 36 24 11 30 34 47 20 22 25
3 38 12 17 37 4 23 28 49 33 29 14 44 18 6
4 7 38 29 32 43 42 49 14 48 33 21 44 18 19
5 49 19 27 39 10 18 48 13 24 45 43 7 40 21
6 44 23 37 41 25 32 11 28 15 12 17 14 30
7 27 21 33 10 36 49 45 13 29 43 38 24
8 46 16 47 24 40 34 22 39 20 35 9 36 26 31
9 16 46 11 22 41 34 39 30 24 26 20 15 18
10 40 48 45 22 21 39 43 46 24 13 19 27
11 15 28 17 35 25 41 30 14 23 37 34
12 42 17 32 38 33 14 41 44 28 23 37 29
13 27 21 39 24 22 31 48 19 45 46 47
14 37 33 29 41 19 38 42 17 32
15 25 26 30 47 16 31 20 34 24 28 35
16 26 36 39 35 31 34 40 22 47 24 20
17 32 25 44 28 42 23 37 30 41
18 27 49 37 45 29 21 42 23 28 33 44
19 49 38 27 33 23 29 21 32 45
20 26 35 36 40 22 24 31 47 39 34
21 27 45 43 38 49 40 48
22 24 35 34 39 36 31 47 26
23 37 30 42 32 25 28 43
24 34 35 48 26 41 45 40 27 46
25 41 30 31 47 34 35 28 26
26 34 35 31 47 36 39 30
27 45 40 46 48 43 36
28 37 42 41 44 32
29 49 37 38 42 43 33 32 44
30 47 36 37 41 35
31 46 35 39 40 34 41
32 38 33 49 42 44
33 43 49 37 44 38 42
34 47 36 35
35 36 47
36 41 45 46 48
37 44 41
38 43 42 48 44 49
39 40 47 43 46
40 46 47 48 45
41 47
42 49 43 44
43 45 46 49 48
44 49
45 46 48
46 48 47
47
48 49
49
