#/Users/federicafilippini/Documents/VirtualEnvironments/python3.11.11_gldfaas/lib/python3.11/site-packages/ipykernel_launcher.py --f=/Users/federicafilippini/Library/Jupyter/runtime/kernel-v3fbddf04a0f77961cd877c33f5b430f938a750e24.json
# GMT Thu Mar 13 12:38:22 2025
# 
0 45 42 31 43 25 37 38 40 10 22 3 21 26 35 13
1 9 41 33 17 4 32 47 21 14 46 16 7 11 28 23
2 22 15 11 36 27 12 14 39 49 24 7 31 20 8 44
3 23 34 17 38 35 41 33 40 13 16 45 9 26 37
4 32 47 11 46 28 17 24 9 49 41 7 48 16 23
5 32 36 49 12 19 47 6 27 29 24 15 44 18 14 8
6 11 27 12 20 48 8 49 15 19 39 18 29 36 24
7 32 16 24 36 47 28 44 8 49 29 11 48
8 15 24 36 29 18 49 27 14 48 44 11
9 28 32 41 47 33 16 21 30 17 23 34 35
10 39 45 34 13 43 31 40 26 20 37 42 22 27 25
11 49 32 44 47 48 18 36 14 19
12 25 39 15 20 43 31 46 30 48 27 19 35
13 38 30 19 21 25 35 26 34 46 31 40 37
14 47 32 46 36 18 24 16 44 28 49
15 48 20 43 39 29 25 18 36 44 27
16 32 17 35 33 30 41 28 46 21
17 28 45 34 26 41 23 37 33 47 38
18 49 39 29 24 48 20 19 36 32
19 20 25 29 43 42 22 27 30 39
20 25 29 42 43 31 39 27 22
21 28 40 46 34 44 42 43 37 31 33
22 45 25 37 42 46 30 43 31 39 26
23 33 34 41 30 37 47 38 46 35 28
24 36 49 29 48 32 44 47
25 34 39 43 40 42 27 31
26 45 42 31 40 30 38 35 34 37
27 36 48 39 44 31
28 47 30 32 35 41 33
29 49 36 39 43 44 30
30 45 38 41 47 33
31 45 39 38 40 35
32 47 44 48 49
33 38 34 37 41 45 46
34 45 38 41 42 46 40
35 41 38 45 37 42
36 49 44 48
37 45 40 38 41
38 42 45 40
39 43 42
40 43 42 45 46
41 46 47
42 43 45
43 44 46
44 49
45
46 48
47 48
48 49
49
