#/Users/federicafilippini/Documents/VirtualEnvironments/python3.11.11_gldfaas/lib/python3.11/site-packages/ipykernel_launcher.py --f=/Users/federicafilippini/Library/Jupyter/runtime/kernel-v3fbddf04a0f77961cd877c33f5b430f938a750e24.json
# GMT Thu Mar 13 12:38:25 2025
# 
0 7 22 23 46 6 24 26 33 13 40 45 30 15 17 48
1 14 8 42 47 10 5 34 16 27 4 39 49 32 18 3
2 16 25 8 18 4 31 21 19 36 11 17 28 29 41 26
3 4 25 8 32 28 18 5 42 47 40 31 34 27 16
4 21 28 8 10 18 29 12 9 16 36 31 25
5 30 42 49 44 47 43 26 32 38 41 35 46 34 37 14
6 22 11 21 45 23 48 19 40 24 17 26 7 29 46
7 39 44 22 15 43 24 35 46 23 37 33 13 30
8 28 16 18 25 31 36 14 10 9 32 12
9 31 28 12 40 41 36 18 26 25 10 21 16 29
10 16 32 31 18 26 12 34 25 28 19 36
11 19 12 33 26 48 40 22 23 45 17 36 41 21
12 31 29 36 18 25 27 41 19 28 16
13 47 44 32 37 38 23 24 41 39 34 30 42 49 35 46 20
14 42 27 32 47 20 19 18 34 49 39 40 25
15 43 44 37 38 23 27 33 24 22 46 30 35 20
16 31 40 19 28 25 18 36
17 48 23 24 45 21 29 26 27 41 33 22 34
18 25 36 31 28 19
19 31 21 25 22 48 27 36 45 33 28
20 44 32 30 27 46 35 43 42 37 47 38 39
21 31 28 33 45 26 41 48 40
22 33 48 24 26 23 41 45 40
23 24 33 26 41 45 48 46
24 41 30 37 48 33 46 45
25 31 36 40 28
26 45 33 48 29
27 42 39 40 32 49 47 34
28 29 36 31
29 36 31 40 45 33 48 41
30 37 43 49 39 44 35 46 38
31 36
32 35 34 43 39 42 38
33 45 48 46
34 49 47 44 42 38 40
35 46 49 38 43 42 47 37 44
36 40
37 38 47 49 43 46 44 39
38 42 44 39 49 43 47
39 42 43 44 49 41
40 48 45
41 48 45
42 47 49 43
43 49 46 44 47
44 47 46 49
45 48
46
47 49
48
49
