#/Users/federicafilippini/Documents/VirtualEnvironments/python3.11.11_gldfaas/lib/python3.11/site-packages/ipykernel_launcher.py --f=/Users/federicafilippini/Library/Jupyter/runtime/kernel-v3fbddf04a0f77961cd877c33f5b430f938a750e24.json
# GMT Thu Mar 13 12:38:14 2025
# 
0 30 14 34 20 6 47 48 22 39 24 12 5 33 4 37
1 14 19 43 22 37 49 25 27 48 40 31 3 46 7 21 30
2 42 36 17 44 45 35 10 3 25 16 18 41 9 49 32
3 36 35 13 45 10 46 21 25 7 32 49 42 40
4 23 11 17 5 8 20 29 24 28 47 26 33 39 12
5 43 37 22 30 34 47 20 24 39 11 48 33 26
6 23 22 39 38 26 13 34 47 24 31 32 45 12 41
7 30 46 13 37 49 34 43 27 21 19 14 40 31
8 20 28 26 33 32 39 15 45 11 12 9 38 23 16
9 36 17 45 35 44 16 38 10 42 24 23 32 41
10 16 44 24 38 17 42 41 36 35 45 32 18
11 22 33 14 28 23 30 32 34 39 26 12 47 17 37
12 33 28 20 30 37 39 34 14 26 22
13 43 19 49 40 21 27 41 31 18 35 45 25
14 22 30 27 34 40 31 19 29 37 43
15 25 44 19 43 18 29 31 32 38 27 46 21 41 48
16 24 28 38 42 44 17 20 32 41 36 35
17 20 26 41 36 48 23 28 42 46
18 36 42 49 27 44 21 40 32 25 35 45
19 43 34 40 22 37 46 27 30 29 31
20 47 28 33 26 23 39 29 24
21 38 46 40 32 31 25 36 42 35
22 31 37 43 29 47 34 30
23 46 41 28 38 47 48 32 33
24 48 28 33 26 39 29 38
25 35 44 49 42 36 46 27 45
26 29 33 39 47 48 28
27 43 30 38 31 41 34 40
28 39 47 33 29 48
29 39 48 33 37 34 30 41
30 37 43 31 40
31 43 46 37 40
32 49 48 41
33 39 47 48
34 37 40 43 47
35 38 44 42 36 46 49
36 44 45 49 42 38
37 47 43
38 42 49 44
39 47 48
40 49 46 43
41 44 45 46
42 45 49 44
43 46
44 46 45 49
45 49 48
46
47 48
48
49
