#/Users/federicafilippini/Documents/VirtualEnvironments/python3.11.11_gldfaas/lib/python3.11/site-packages/ipykernel_launcher.py --f=/Users/federicafilippini/Library/Jupyter/runtime/kernel-v3fbddf04a0f77961cd877c33f5b430f938a750e24.json
# GMT Thu Mar 13 12:38:15 2025
# 
0 18 1 41 49 17 23 7 16 35 28 44 10 31 43 38 26
1 43 10 31 49 23 11 34 20 35 36 2 38 33 3
2 7 23 11 33 21 28 49 35 31 36 38 17 10 20
3 19 49 7 16 26 30 23 35 21 28 41 31 18 44
4 24 14 49 27 48 40 39 21 43 33 15 38 31 32 22
5 29 8 22 45 37 46 6 42 36 32 47 12 25 13 9
6 32 8 29 37 19 25 9 11 47 42 22 45 30 31
7 44 16 17 23 41 28 30 19 35 18 26 10
8 9 47 36 37 46 45 32 15 12 22 29 42 13
9 32 47 25 22 42 13 11 12 37 29 46 45
10 18 19 44 41 17 23 28 26 35 30 16
11 41 18 17 42 44 16 25 12 45 30 22 33 26 29
12 37 25 47 22 29 31 32 45 46 13 42
13 36 37 22 42 15 45 34 47 46 29 32
14 38 48 33 34 49 40 27 46 15 43 21 20 24 39
15 39 43 27 20 40 46 48 21 33 24 36
16 44 30 19 17 35 18 28 26 41 23
17 35 25 26 23 44 19 41 28 18
18 23 19 44 30 41 26 35 28
19 28 41 44 23 25 30 45 26
20 24 37 43 22 39 32 48 31 34 33 40
21 27 40 38 49 39 46 31 48 24 34
22 47 24 32 29 42 34
23 35 44 26 41 28
24 34 43 32 40 39 38 36 48 27
25 26 30 44 42 41 29 37 47
26 30 41 28 44
27 39 40 34 36 46 48 38 33 49 43
28 41 44 30 35
29 47 42 46 37 32 45
30 44 42 45 41
31 35 34 46 36 33 37
32 45 37 34 42 47
33 48 49 43 34 39 38
34 40 43 48 36
35 38 49 43
36 47 39 37 45 49 40
37 47 45 42
38 43 39 49 40 48
39 40 49 43 48 46
40 43 49 48 46
41 44
42 47 45
43 48
44
45 47
46 48 47
47
48 49
49
