#/Users/federicafilippini/Documents/VirtualEnvironments/python3.11.11_gldfaas/lib/python3.11/site-packages/ipykernel_launcher.py --f=/Users/federicafilippini/Library/Jupyter/runtime/kernel-v3fbddf04a0f77961cd877c33f5b430f938a750e24.json
# GMT Thu Mar 13 12:38:19 2025
# 
0 40 19 21 33 9 26 27 6 24 49 29 20 43 39 46
1 48 25 46 47 37 20 6 49 29 44 40 11 9 15 2 22
2 15 35 3 9 28 41 37 21 11 27 8 18 45 16
3 8 15 38 4 17 35 7 36 34 13 14 37 41 32
4 17 14 31 10 38 34 7 30 36 23 8 12 18 13
5 25 42 22 46 44 48 30 10 20 32 11 49 39 19 24
6 33 27 40 37 29 21 9 43 26 19 39 45 28
7 13 41 10 17 18 36 34 30 31 12 14 23 38
8 13 18 41 14 11 35 17 31 36 34 30 38
9 43 27 33 28 39 45 16 40 21 37 20
10 22 31 25 44 38 42 30 16 23 32 47 11
11 35 24 28 39 21 41 16 15 32 31
12 44 13 34 38 22 17 30 36 32 14 47 42 25
13 14 23 31 17 35 18 41 36 38 34
14 34 18 36 31 17 38 30 41 23
15 35 45 28 37 43 49 16 18 27 21 24
16 35 32 28 43 18 30 37 45 49 23
17 38 31 36 34 41 18 35 30
18 35 38 45 36 32 34 41
19 20 25 44 42 27 33 46 40 39 22 47 29
20 33 21 39 26 42 24 40 46 37 48
21 46 43 29 26 37 47 45 27 28 40 32
22 48 39 46 24 42 23 26 44 32 25
23 38 25 30 32 41 42 47 36 44 34
24 27 25 33 48 47 49 40 43 29
25 48 47 42 31 30 26 44
26 44 42 46 49 47 29 39 48 37
27 39 29 43 33 28 45 49
28 33 35 29 37 43 45 49
29 43 33 48 49 39 40
30 34 31 38 36
31 38 34 32 36 41 35 44
32 47 44 42 41
33 37 40 45 43 49 39
34 38 36 41
35 37 43 41 45
36 38 41
37 43 45
38
39 40 43 47 46 48 45
40 42 49 46 48
41
42 46 44 48 47
43 45
44 47 48 46
45 49
46 49 47 48
47 48
48 49
49
